62059
51980
12400
14508
48175
65074
52649
27692
15134
47517
52394
48609
25479
25701
57596
57368
3224
54148
24765
37107
62399
40802
11960
2737
3502
63440
49489
50940
42929
45234
18048
62804
65015
3675
26394
19508
12170
8224
28677
35836
27635
56801
7605
181
64145
27251
4271
3649
17767
48470
10314
49160
27122
64041
61048
64459
22497
6149
41846
17740
10281
26303
50685
34828
56484
30741
37711
37878
63986
63320
34134
31600
39032
53116
23434
52064
24257
28122
32827
19031
60684
887
22280
4543
16434
61392
7546
5259
30451
21272
58202
37161
49409
31395
53471
12804
30832
3458
31747
22470
62820
45302
45044
60456
24195
12495
28806
19031
61408
63307
37705
1250
8963
63190
22402
16037
5884
50722
33069
46907
11175
2368
41070
49556
10593
53324
4602
61251
35667
4761
36026
730
44864
7195
39280
37259
14351
42578
26722
56998
55595
30374
9142
52337
56673
1519
4411
934
62879
47190
49138
38905
28700
7619
48008
49730
47089
10848
9641
47881
36286
12277
27031
10244
33897
64760
32069
59179
65263
2246
47997
43120
54958
9804
63349
48699
27086
17211
37685
47820
41173
12958
59975
57248
24076
6566
34980
33443
12982
34318
24118
27887
27151
31176
20575
52982
53849
20709
20607
53283
54674
39013
1833
31343
44955
65390
29566
61382
62335
3230
52094
32003
18014
16059
57584
26534
47621
36708
11704
52704
37863
51168
1346
53003
29967
55240
50827
35464
48446
881
1635
36732
62642
45331
45807
46715
58791
16226
3000
20865
36399
21471
52153
19677
64924
41361
6176
36607
41887
16282
11895
19423
17356
14733
39474
27924
11115
20006
5195
55284
2833
38007
29214
39311
56854
32659
734
37642
6497
65014
61409
35439
17947
2071
6823
51791
40232
10674
14246
10240
60094
32445
42270
11076
18323
22731
36247
40062
13356
42880
3221
18204
37812
12073
17771
48741
29771
14265
5845
18863
41871
21692
30071
19651
46329
8226
37557
61304
25971
44793
6164
65343
35267
23499
43069
62580
58671
30496
63897
15779
10294
65486
41515
60364
50698
45610
44094
11545
30552
19354
22218
44703
58245
38755
48805
41859
39926
50706
19838
22111
87
17172
40171
31608
50381
2043
23940
1429
15406
43703
55137
46558
40637
45146
51624
38905
49681
10395
1390
53311
59007
9149
52244
45364
49794
7430
7725
47404
684
9124
7263
34745
21948
4892
60355
54891
28144
65396
14726
14227
21397
36910
12673
41654
65215
7341
10378
24326
34810
13360
14431
33597
50933
55377
59321
17771
60425
6780
47183
38736
23327
20396
3576
53928
46375
31267
32887
28353
52846
29432
60556
11295
7354
23915
54115
50676
38276
57477
4409
57861
48201
59455
10159
41144
53146
27484
13749
13931
15160
3501
57525
24382
10933
56460
32956
11646
54364
50377
40526
45805
46324
29340
31831
50356
60188
50542
62893
43729
29201
57028
19476
58615
33000
38355
49369
27114
31156
1005
32066
25090
56616
14821
46429
31647
47155
34725
17016
40829
8948
9674
40486
9487
10449
22905
2799
17046
57665
11552
26542
33809
34213
45413
11641
44307
58181
2242
10470
50959
63146
43600
52776
56619
43072
46368
30339
19225
16048
35270
15584
45983
62200
23444
39325
63444
16946
64089
51820
36822
53900
45353
46537
49957
35124
64106
30930
43010
24427
46518
34323
57536
35518
1343
64257
33166
10389
34404
7049
50163
9626
2210
12053
29776
63100
34521
62265
50265
42843
3440
40382
12627
6681
31933
52444
59472
10206
5585
37018
56359
63516
22858
59005
4695
52421
38930
134
25601
57666
21772
42212
37045
48549
10561
62512
28725
37431
45597
15256
55567
12002
24329
59002
25021
59031
61813
39597
3017
61037
44167
29550
41434
25580
34836
50122
46417
19171
501
55770
46094
17088
10527
43783
9674
716
17262
54992
18415
34079
35404
62355
41370
9960
16187
65441
54678
31520
8219
11090
40921
32715
43095
1550
9650
53080
44984
41939
17842
5189
48661
16847
33905
54850
48287
43589
20516
58185
46639
29086
17623
25856
51275
43884
42931
49490
45722
58732
43060
58647
4733
50077
60417
36479
2268
10865
13247
46053
2302
22093
24420
42968
58583
57655
64666
7694
56797
35783
48348
35725
56628
40157
30920
28700
52103
65272
44300
9479
58342
35350
61893
42749
26177
30850
49434
6949
6518
9157
52178
17460
64224
20343
5273
51209
28167
27177
29491
43737
25288
60268
63956
14142
42825
59629
59098
13245
58764
61128
24114
42021
22211
22436
34381
55375
47287
50055
59002
30697
34874
51074
65214
60705
28320
40895
7471
45944
29708
8268
61853
58912
11588
39606
28507
1838
19911
9692
13607
34773
54931
5716
7790
38718
23398
24243
23979
14943
25513
37928
49168
37122
56804
64366
38038
27611
38099
2158
24338
17078
63510
20003
41079
4478
49270
57528
53964
23637
44298
30701
26511
24471
64280
16161
27813
23954
17226
45629
9373
49709
2861
24133
44429
64042
54985
170
64500
63742
39805
44373
20380
27392
42837
10067
40219
64270
59163
63226
37427
14285
48605
31008
9079
61199
43621
53489
24895
584
55008
28775
30396
5953
31867
42379
41599
16663
7369
3001
569
2219
54553
58224
44536
42486
8488
38897
47140
59070
60120
17255
47341
8138
45042
59328
64650
42427
17965
40683
50436
1703
35904
63560
16771
34694
23992
34269
30587
1275
57923
43406
54477
8104
53425
40088
5766
48727
15953
32971
40173
11435
56458
53045
52555
2454
9552
25065
19071
32299
31512
37313
16642
53588
65249
52406
53328
61477
11984
47294
29750
21237
56835
29075
52068
15731
58096
61480
61242
33209
55587
57520
57878
3199
28060
31440
10036
51336
3782
44565
2008
8853
12885
44769
10092
17030
10307
41997
356
7003
6978
38846
37552
51092
10296
33973
31553
23391
41008
16550
11517
55109
38586
27325
33538
13764
55895
28356
16324
33282
43359
4261
14758
26225
46128
64663
21885
60743
55718
9467
9190
4952
7411
39903
64335
62794
30819
22890
37745
32945
51088
32370
29205
47986
12583
2468
16990
34115
25907
18854
31221
42599
7375
11884
24649
38163
31647
49983
44633
30120
63163
53323
65255
59924
61443
55813
14852
36842
17484
21698
535
60340
7941
1901
1408
41147
49830
53241
30112
30557
58154
35583
58426
61208
15083
64565
28978
5446
15064
43880
44788
37884
61782
38827
33123
30254
22428
64600
44141
56609
16368
45163
58022
53207
49259
41889
9051
